100 23
-5.031273509451522 3.6411291837403255 -7.322686889347262 -0.5498659799153226 2.773087914846526 2.1081719205868334 -3.76234458190961 6.819538604782652 4.079258645415644 2.2880511192983355 -0.7749683499506215 -4.038291378331452 -1.68804221675259 -1.2406662213493884 -1.0561513672349514 0.8806860791619916 -1.619946748285968 -2.973840627175705 -1.717945677567553 -2.848798933377203 0.9492420626769719 -0.03903973384000761 1.9707776174268536
3.1457799070989862 3.0038953052973176 17.46281665718377 3.5360381018585523 0.552135439773912 3.0046758138687992 -3.836989279939038 5.80932221384644 -4.636946864887896 4.547592561972094 4.370081252155724 -1.633914841363424 -9.561442688140808 -2.840267129593254 5.527667424603086 -8.742026309616035 -9.030833984288364 2.884639831716979 3.9295617929656794 4.262682487055349 3.409231605280988 -10.458385673076894 -3.839710485497477
-7.660597438477006 -1.524859280000472 3.36394967697785 2.336323254378404 6.7483027440748975 -2.510176395304912 1.5191578392059997 -0.825640470595429 0.8044304141758996 -0.5773134458966426 -2.4375379837493787 -0.4772339932025038 0.8866219504185128 -1.1572664933135504 -0.7048216076445986 -0.10658442144147853 0.36988057652206807 -0.5351112128909777 -0.6908840255296825 0.046415078964738926 -1.4539280770282734 -0.8471099466362071 0.7562207042132315
8.400059107978661 -2.1938521922073173 -2.6489545127581136 1.4253378050904175 -6.153659471428996 -5.110756553851259 -3.6356256569937804 5.996822236776884 0.6057683043532 -2.2750129486512023 -3.241945698247666 0.3791659601635873 -0.724896952630544 -3.3564278502380556 -0.5468483940871836 -3.6530755165363873 -0.6625043162726754 0.8081153463140329 1.0360048832394027 0.6190197310652277 -3.489918418747779 -2.249712605232785 2.244046497848877
0.38381259689146985 4.584959417649056 -3.6424970878874445 3.3247160644526845 -2.264178968361051 0.10798560839148563 3.38175740471533 -4.655154477622562 4.830548829985286 3.7567894786600684 -1.0616711172924127 1.4348979452983097 -2.4750351730732554 -1.6266302900672194 -1.144124919126686 -1.7903770819138516 1.7103806133820678 -3.8621654354511947 0.6762192173769616 0.13572011070546663 0.6446659686540384 -1.248872379842294 0.46197981224323814
-8.371223188248399 -1.5302828756955817 3.403619922880356 0.8810114431007883 6.797158176421371 -0.8961748077602649 0.13712971294337217 -1.0464005180591807 -0.27482052415628166 -2.4037607323185433 -1.3232006220641375 -0.15242380846811843 2.6213504795032714 -1.941424694672943 -0.2923348957337132 -0.19105032148610468 0.8063343377645319 0.02216688581899462 -0.9738035865425092 0.17157276659212065 -2.2454308210269738 -1.6963798961567018 1.4911255924210707
-2.4619023781015823 5.215565641057971 -3.2672394545192365 -1.576596712880367 0.6093029876715625 0.7147125897421855 -0.31840114135983727 -2.3943481047251822 1.7603822492843053 5.121751483611419 1.6557602004903693 -0.9918170769948003 -0.2785127858831048 0.39641488188766044 3.202779147909158 3.2813927598331287 -0.8562376663949236 -3.315580043415885 -3.5621916834808927 -2.202173995104578 1.5454461978064924 0.2133848034474335 -2.6381822006494677
-2.7777171474979685 6.516313453823539 0.2354208563618923 2.049686872121251 -0.7318688527623693 1.238770355784221 5.61882403360029 -3.676858894573999 -6.63249868388699 -0.20482931139087746 -4.292286719099345 -7.721574129412116 2.671449255055509 2.909781624554961 3.251774480727624 -3.363030684550025 -9.231754737367496 6.765199533144193 4.839558264809539 -2.522652150217195 -8.782123572805167 3.548962103590474 0.4926218677663753
3.8051081686256807 -2.5287546224373982 -3.9347728026795 2.8431972494411757 0.6172021851945046 0.4389856608346962 4.419035826205344 -6.659534529133547 -3.3363406869643883 0.023088464867872395 4.162103857335205 -2.296377494710523 -5.603298063617538 0.7151742220931713 3.893121219227796 4.496951650710051 -1.871415223389693 -8.993195930158207 -3.5122395614181254 8.253557910931548 -5.4581673816318945 0.5112721970860865 1.2326011959491652
-1.6037978293637463 -1.327813888731229 -10.182083803549705 0.9849341506089342 0.5742734332406517 4.7465436866106305 -6.864138923648578 2.4722304505785004 -1.2597352912440685 1.257165809853621 -5.260990186100628 -1.1703683249828436 5.0361714995474545 -2.4055346738953025 0.6571144605855482 -0.9280372600129263 0.08101780229073285 -0.7280052076166706 -2.202972514823701 0.7650468651988619 1.9477607916200421 0.015843208677761456 0.18820245112645884
11.969405138276777 -0.9319497404390055 2.052128167573545 -4.071548504621612 2.9310686981598337 -6.02373123622048 -1.7241467994757742 -3.42098623657557 5.6285336159708255 2.0036260930740855 -4.976413913961886 0.11009136753145826 -3.8858457858473505 -2.326597290517195 0.3126655500900153 0.9463998437359624 1.9188994863423798 -1.088258178214819 -0.7575670404189366 -1.2878381851959257 -2.916639493125847 -2.092181708417618 1.3910109046817238
5.825600346807369 1.633693571005733 3.3519295223965098 4.433002597407243 2.3258123451345156 -2.4238714546942406 -3.4095267757902934 -1.9347194179592004 3.14076352130939 2.4500159233945307 -0.10962647186711244 4.975500140952251 2.133495371028899 -3.748117052787674 3.7602171401244773 0.47643641077158466 0.4128916159367897 1.099791012171131 -1.651039146392133 -1.8976178347889539 -4.79321743506307 -2.5746302793121965 0.92193076672969
-4.818148736534898 1.7709669652510434 -7.6675898322690355 1.5642579887836376 -4.504659146343742 0.04732155298830243 -1.7813394712552824 0.06545259000498249 0.6116046958507197 1.5529824878436242 4.2640640114977835 -2.7563247693908175 -1.6803016186308757 -1.100241041757386 -0.700592352256735 1.011813511900552 1.047519434418173 2.9127408122000515 2.810196116977122 -0.5997972799523424 0.14426060008350827 -1.1010979106154752 -1.3142592736915473
8.069579344888218 1.9486137606701583 -1.8125718283442946 -1.8176710910735463 -2.896950858949504 -4.661104888929961 -1.6839457568978276 -3.450203998953623 1.4443452537831956 -1.0928735302813641 -6.746371291192791 -1.2710131541040062 -2.7272805345790387 -4.1065702669671875 -4.644428493563239 -0.699601989771971 2.612341673389543 3.5265783396934216 1.3001866924296697 0.6250511115893213 -0.7564881422099977 -5.336750968520044 2.2073342026533807
-7.709472731700299 -1.72356294621004 3.392179871144927 1.2845213970257963 4.174084261912401 -4.28466362177671 -1.34402085762989 2.605296335614768 -0.43142342696888797 -1.2751467997228279 0.49289410777850245 -2.964113695013886 0.9982066128540988 3.4708101177076913 2.8800602877384245 -0.1248327194532795 0.6217445859501846 -1.0654051033608471 0.23868287698894605 0.8112142593449195 -1.3240845066194737 -0.6156612023432588 2.4171839359302534
3.1640285967782997 4.971410649939381 7.451781082783173 -2.3786278443654933 2.604217286855343 -3.8883077191217876 -1.5484359064604936 -0.5623552293173374 1.5860639603090492 4.291765823474879 -3.2329897409994466 -1.8717032101408522 -3.0305805774461683 -1.2607245818329231 -1.2220736948541207 1.0414457266486346 -2.939081925117983 2.2537285105611304 -2.3931710303327534 -0.9361368875714624 3.7361214814544446 -1.917160135225297 -2.2017161135843626
-0.9263850453632978 6.006348565892601 -5.711066922412197 1.9087132841806511 -4.222856794392041 -0.3336360293535139 0.5870740553046228 -3.51463330939664 5.066625926391962 0.7895302965628875 3.026792246984607 -0.04495883242651194 -2.9293585975632537 0.05000374412726091 -1.3459893083857244 -1.593106028771333 2.295042901486367 -2.8262208053790916 2.5944481090423395 0.16587328854796368 -1.3568714271034734 -1.839500536300632 -0.9234589818949411
-2.343870333829612 6.857969923014204 -6.257035999182915 -2.3601050931414322 0.6821836957169062 0.5671788176328749 -1.3614044796023117 10.490752318846932 2.573403340229901 1.97941237497484 0.17463671470280398 -2.756866538642662 -2.1636550445195106 0.41280485445723514 -2.8701192396938815 2.2751113008198525 0.9880085418558107 -3.2393082623059244 -0.9465333393146005 -5.573617184213727 -2.7398251330461516 -0.9006024573204117 2.5963347458025945
7.069001004935554 14.499259807250683 12.85083153023107 -0.826063340378964 3.762893734962676 5.388744155771273 -2.199410965708021 7.28355589488524 -12.104520571006734 4.88891912913037 1.8930191329612907 -3.690976000966696 -1.135016218428002 1.4939892387881246 -3.010347341777346 4.096290929667331 -1.6017003867508612 4.808156516756234 0.48775310206022354 0.7582997385558397 3.346672531046922 -1.8994665627949656 -6.1892962277098045
-4.291458814301384 2.690781716132866 -3.1765414167695925 1.7419043435842048 -3.1590085222628677 -1.4464736255204969 2.3018344896569944 -4.169293622592975 2.4609482458958705 3.6919102454403525 2.1378048639390164 0.07585060508703659 -0.16447623627739102 -2.9712407841529256 -1.1600638772692833 0.4010837174417214 -0.6480708359339041 1.5479372962969165 1.3495866548262492 -1.8364199842107423 1.1425436343336643 1.0079143807108948 -1.9578625421029687
-5.727356341848984 -2.1520630310077573 -5.710196284581174 -2.4874722235516087 -0.1192892751459419 2.784960332979219 -4.9815043984365674 3.3727537825234073 -2.6843575678724383 0.23299209217242578 -1.6856042958829212 -1.623621884393918 5.0925439133275905 -3.85687263077923 0.0654513882133114 -0.5556052154470048 -1.6744519039894286 2.504649528947015 -1.5117845186925538 0.1379062562107537 3.438729372677935 0.16145580605769905 0.5305997937006426
-0.5669760045995867 0.8816491952970976 3.841167278966804 4.129049367409244 -7.269485543690605 -4.895542081839584 0.059919731686674804 -0.8669428776086158 1.8483179326669514 2.7989971826719735 -3.0419041847486277 2.177582322572243 0.36352459453710084 2.6097236662558174 3.2413398310194137 0.3014750390737278 -2.0831580966929786 2.5552975552349038 -1.208572976756253 -0.7041668958581645 0.6674308664468331 2.1372996534562705 -2.039300447076774
1.0314296757920018 4.15972908151334 1.9274989131887161 6.391476120540466 1.4591075009550056 0.23963007047341797 -1.2161987595133004 -0.13393689949973758 2.2406694133653846 3.8096115052069535 0.6243108975947854 4.132061542707896 3.090989432791156 -2.674405582869403 2.345475951344948 1.2402725766743294 2.0338545056751554 -2.5196669754775027 0.6136994319171231 0.31710477571295015 -6.853203652351799 -3.8185525723675022 1.5573261313002287
-2.9121634299985977 -5.359125458793302 -1.4508221595180448 -3.410146886399875 -2.30033893651256 -2.63065940499949 1.721152202122519 -2.572627196431304 -3.0523897303979335 3.7671635776548227 -0.5120119092860289 -0.26124395194525607 -4.465582713636636 2.3884448510260743 0.3637761966181629 3.651235650718189 -3.700492076772332 -2.500636914212631 0.776207372917117 4.00816669117667 -0.911378398142273 2.6743700158488783 1.0138508211136095
-3.7509382351932548 4.689043483598153 -1.4380357776894894 2.67010144267354 0.374140949580097 -2.25450572830472 2.957144092544117 -4.660330345105738 3.164060028550332 3.216033220298103 0.6995925563896548 0.717981028800317 0.08446596433797901 -1.9619124195608275 -1.9244245552799968 -2.6473925626579975 -0.4262704329686132 -0.5095671218064591 -0.2662047567657502 -0.39743893431212 -0.34642580327886874 0.4752920691990157 0.21800738695737748
23.00397687314062 -5.198283248524105 -6.9054207719738185 2.1287045205010853 4.018501036278745 -2.3984907299659475 -2.6552492133690975 -0.5608249046004369 -0.6386251936307404 -6.39736598025315 1.0954702670910972 0.8032778133562385 1.1359195322386846 -1.7389731401583126 2.010921437065732 -0.11488152024595177 1.2505126452855222 -3.3991256526521494 -0.0076414881129613435 -0.1386138353858029 -3.909300041143412 2.8144613950847166 -1.499423403537516
-3.429414077278239 8.867349307248942 -6.270098153843452 0.4169748904045729 2.045982805101308 -3.2379240617429486 7.266264554984305 3.564719368673833 3.8369182636763837 -1.009429941879916 2.4220850021418148 5.463919774103666 -4.269169065094497 -1.5827548606624409 -1.1053943087352542 -0.9573858808165757 -1.1040188938505269 0.9664108326078131 2.1061693134774875 1.8190795997426448 0.4041261978601276 -0.95506762059434 -5.906180095029534
-0.8291832440664174 3.077067956682534 -5.063749666952648 2.4524290619583873 -6.039518675687513 -0.7871495778937317 2.1110965985203825 -5.268392644149261 2.2769766452445634 3.9240322179191804 0.0192578502926124 0.18979518564598824 -1.3077139710611567 -1.3204429097777155 -0.7885655469998594 -0.7746327117709517 1.3237800234036097 0.5950474825763641 2.148488462253391 -0.035587778500986544 1.8966201417386677 0.08741762926998248 -0.26033663788810907
6.9562503713927795 -0.8034131078627428 1.2170306043395533 -4.870002963286988 -5.888902847779623 -3.202982197761374 -3.0946647796400315 2.039531523958371 1.2689233538514448 -1.1803710973311263 -6.2198118772946085 0.039820665040223635 -2.406018082081026 -5.1913046130136555 -1.328052575045286 -0.775358997182797 1.7484560575123846 0.9820962631443737 2.653939773562107 -0.6943888023259155 0.28872047582052013 -3.6815831952769016 2.230732311614594
-6.83400943623799 -0.12749617255272605 2.535799634881723 1.7762314024758892 3.3511344203261277 -4.910203772028108 -0.7520680446507764 1.5222347714174194 0.46988215058704585 2.3389869202535265 0.3240998341129576 -2.1194294433577126 -1.0644857512182693 3.398912591124843 2.8115814019810488 0.4692152528485443 0.4924972533305413 -0.6979786438406146 0.24782171167693184 0.10260383091316994 0.35386305490312725 -0.7636162440721055 0.8050369693664223
-3.644825865864738 1.7033558226779473 1.4781164742613226 -6.130119561338138 -0.4694127593349532 -2.911452320071347 -1.7478045582654513 4.589047444363189 -1.780120825572245 0.5082435553281643 -0.896358383971052 0.6275971385183077 3.6307740611104613 3.327830464322025 -0.48235852401864576 -1.6735799242408633 -3.3020185778973037 -6.3155686179609045 0.320543837577019 -0.8069739874109989 0.29718186083138043 0.11526274765463393 0.6817450207894232
-7.075424864393228 1.2407971233126496 1.0214949626713432 1.247802730288718 3.05219249098386 -5.440462068947154 1.3089481113169823 0.14074776322774502 1.260491941573341 1.7429843325022216 1.8441373113284354 -1.5214822330949922 -1.7048028707227922 3.231861289316569 0.5034533226273636 -0.5602035060942813 1.0927044088938658 -0.46075436716002166 1.385564221028014 0.48699282019728907 0.3169163023701372 -0.6704880666492343 -0.22654773832948932
-1.1473135132324368 7.237065638174353 6.124459925400168 -7.099333276169293 -2.4397098491199105 -4.367911225737721 0.1718603831944303 -0.04770492684731298 -4.749298841142076 4.83930168480902 -0.9606710602798758 -2.100615075309769 2.178551238225666 2.1988590827022723 -0.32626271013661995 -0.9404197794196283 1.4684902194332217 -3.7791859083240515 -1.557617207926881 -1.7711029116493298 4.381918485489918 -2.626665605465357 0.603664160376401
9.342962196597343 -2.229439458054176 -2.986045954855252 7.696815366117495 5.390395569884968 -4.437758857952842 -1.5989726461883977 -4.87939355548778 -2.666107320184198 5.180374734333277 -0.13531598544417156 1.7437847857353699 -2.9352928645016836 2.284646169372023 -0.6782560150108817 -3.1568413740396886 2.376423289110979 4.3379825002403845 -2.876654588727312 -2.1127986568213295 -2.0915119070125847 -1.4157900532777514 1.344859628077001
-3.624325053085543 -2.541389025545878 -3.852338821672313 -2.6977215879333722 3.026788248515144 9.966787394393938 -4.85131785058732 0.16502984892743783 2.426301619506881 0.5991559818071504 -5.552375191151697 0.6127010808570809 -0.04049921513700383 0.7221486644264443 -3.32787141997677 -0.6446436570663765 0.8931331801768858 -2.826878534230419 -0.8554900666180786 2.5354930335284225 1.5921342983649645 1.286557020364415 0.12358307176220606
5.828498396418032 -3.4142405790533656 4.444365376315265 -1.3771053410044731 1.5580068827191154 5.608595885832817 4.258667284721886 1.4759972451387828 6.79217775327612 2.9009830300934105 -1.5303253661307927 0.2892028190080115 -6.443631181993485 4.847260351492253 0.029150302697581842 -0.1421460667853858 -1.1464314893144887 -4.433857233621858 -3.8752022558294286 -0.3018847585476228 -0.2605683594494443 0.6656943415203056 -1.8303942418474608
-2.097918103980379 9.870616763887075 -6.666051057495029 -0.6092351124970081 2.0419206602249407 1.9736932662040443 3.0567335636182666 8.552193134458422 3.7890214300522462 -3.5211819483907005 1.4448221420510203 1.3191135790990223 -4.897441820700659 2.504564698869533 3.424314022202262 5.321147451448877 -1.683917184615524 -0.8213234614551322 1.1881665351763446 0.010856458084616882 0.04309750045974181 0.7241188014229536 -1.1518733366063034
-7.852514618521697 -0.2238137498143271 1.560719130093385 1.382917477829233 3.771829719793104 -4.757394584991137 -0.8278886973678379 1.152651080405098 -0.4099895208536753 0.32572820829769134 0.9925854978306468 -2.988416439842266 -0.5424100704011524 4.282479803142781 1.8285399105149545 0.843534440076717 1.4667617097213526 -0.3559306942962123 0.670743806631884 0.4091997498338806 -0.5318523670498205 -1.5163164255839112 1.2619429180817967
-0.37471671858600974 -0.4461342380660177 6.761721828402372 -0.7184568533669422 3.06756844452187 -4.567876180698498 -1.1061853543818638 0.38162172172718367 1.8174646691831071 -1.2157733331276368 -1.6651449065465154 1.6497248748387174 -1.660313672836647 2.302812332841242 0.158955793183036 0.5436415291379986 -1.8734784813208287 -2.3294263252036846 0.8083890696926894 -0.398432316780553 -0.34416512171548097 0.04204194988330806 0.8834552402006866
-7.968232385900692 -2.277823320983898 3.9451698599580514 0.34182801281288233 4.278229057281942 -3.5336247183173306 -1.0288659788612395 1.7155026520935646 -3.096617778210617 -3.1369173428692996 0.5099145089040802 -2.220322050214609 2.1818861984228386 2.387053309271309 2.0935618180773075 -0.05553138594053458 1.2801817871582453 -1.181883335559397 0.36706349172713515 0.684855173775912 -1.2060131323362555 -2.192884857998101 1.968318720717402
-7.325206004130294 -0.248349846404313 2.064246414776934 2.8250870183429306 5.940134706006579 -4.473703652786264 1.140299399177418 -0.16532438248206976 1.6886737639786145 2.345096431739406 -2.1911157232414533 -2.098951020627432 -1.083205258899867 1.5305679469258044 0.1733626266263285 0.3254865843608642 0.0968387102199426 -0.3933007853813589 0.4621066427241281 -0.04656309533821407 0.07341847402314616 -0.6525244787509556 1.5855172368236456
-5.095402070549994 3.3269810723940743 -4.3658104888541125 1.170354896045286 1.6724772579989406 -0.4481576929447062 -2.1438399973378024 2.1420910610202233 3.3804183852919345 -0.4111580950595445 0.8093973108287463 -2.3298151381742978 -0.008143805671255888 0.29140663403471045 -1.5156427410921394 -1.2952352832438243 -2.521354382859016 -1.3017106820376454 -1.1787637407769893 1.53890060059263 -1.0784971150497618 2.02982571945446 1.8626467696588587
-4.762951157259135 5.2914758168216 -3.077270070544733 0.7294723785725994 -1.9746836422360883 2.7402380665715853 -0.8043466620938813 -5.125409450487416 2.889364966405585 0.8871335848334697 5.440956841182536 0.7516014829094381 1.713843752799101 -2.6106174424823787 0.9756652347293889 1.3844207165572553 0.7295547513635809 0.5361588826322787 -0.5882850344906805 -2.9300362886408515 -2.0093682397842234 -0.663993987490276 -2.069593803990584
-1.622753702991898 -1.9370808903477634 4.304052273438099 4.580708639205192 5.218285299784584 -1.5552904170471396 2.7940044818144134 -2.0890869837132837 0.41982471323388376 -0.7496013605947371 2.316446435934716 0.47860704394964887 -0.34753389005875557 -0.21967322515256688 -2.7058293314407065 0.561065418611071 -0.7553045834070752 0.1752631491658427 1.9251508660589158 -2.2980773146644227 2.282688201464432 -2.6058130412367646 2.98146248647852
-4.483069766385476 0.22236528156187396 4.402307621070023 -0.14535169831974437 0.05846258003920338 -3.2062615290573846 -1.0954883212784203 4.649199921018937 0.49148991856639346 4.145481051180418 1.0522113726230524 -0.7090128550590449 1.2134269968855174 1.5949731392243345 3.7239245030872183 -1.5408044775838154 -1.62930822333261 -4.470768656930544 -0.34640971052966674 -0.48317632970329577 1.6499226473038253 2.190248047232039 0.6093732525002918
-1.9347954132569412 -2.1259906404500057 1.9657655197216974 -4.555569930130547 -2.955304223638235 -5.036332450951052 1.8189891487746424 -0.44860596995614727 -0.005168662085877247 1.8431132715881478 -1.3492816454168537 0.2411606278240857 -1.5060033701370061 -0.06629716639404226 0.454947975646362 1.5705264740886524 -2.0077530315006453 -1.2063548005805866 3.3977253821729487 -0.9629168608457224 2.796320359285148 1.3706289983691868 0.25723511201147914
-4.632106898819251 3.4356413552667187 3.17419298774314 -0.060911511380732364 -0.694382063581876 -4.17120374875323 0.8659923261275382 0.14116140542126882 0.6208172737264649 1.933985606640526 2.3714865120940636 0.3954021166959994 -0.060831751707747114 3.6959753975399754 2.0515830566324227 -3.203431439017287 0.8349803476200158 -1.7907828637763417 -0.524703011224051 2.2825528707020943 1.3311882926568424 0.6994202578717483 0.5239031582849464
-2.6842426257833245 0.8711389314581298 4.746108234051506 9.406601824823891 0.9269414521270061 2.132516205494187 -1.0895333029306267 -0.46032150188419335 3.976937924462653 5.322514267172466 1.0104123140113492 4.053321301710036 0.3002380677250285 -2.510179369413992 2.0224853694498623 0.5202415071624911 -1.9162731150670287 1.29153806962759 -0.2746184481487114 2.6484173370474826 -2.150839976592277 -0.16408139661586163 2.689794087262615
1.7271330396058557 7.491702885625957 -7.633045604959348 -2.960501101113059 -9.825147493923795 1.1116233449367898 0.6015724438441524 -6.439425002175485 0.6987638267419248 0.4472651648852798 5.1910490108018355 2.197294342769869 2.7787797783776513 -2.3014606080269457 1.837521312986514 -0.4072016483638301 1.8919635869382336 0.8308477224005132 -0.4484026619916224 -1.031597149694869 0.4728934352720951 -0.9613928985559408 -3.1539302417761865
2.1686497095855466 7.6914656142265345 -2.5903341651313028 3.552126389884326 -1.9375886997798153 3.5386442628581016 4.510414589433271 -3.730992225351083 1.4169045338005968 4.269331878807124 -1.9764360948258026 1.237881275576694 0.6032537701361586 -3.7478950828459574 -2.6988760189646674 -1.1188523067886527 2.6527336160221218 -5.248366096185593 1.05436393730393 -1.8896635113564133 -0.19494207611037195 -0.5808612703129843 1.4760685639716404
-2.197506215546271 -2.9479822514811778 2.661619487784821 3.568859426424205 -4.655351066590228 -4.650810899318713 4.098170904550299 3.3416151463968258 -2.2097097507628964 -0.92400636078695 -0.7032915830048007 -0.41169723327331403 -1.2271405993691986 0.18185610350152875 -1.3024491037323296 -0.5509131236551013 -0.9266487412749587 -4.548901554271061 2.239888673386397 -0.7272957289339592 2.1964508511186644 1.929096503771512 -2.549593095389516
6.8255418667617755 11.456810246187136 7.180801439987354 -5.090774323766812 0.3922612557551952 0.31925510413767183 -2.6135445072176338 5.399561950358032 -7.78424929817094 -0.5570115358281396 0.3099785812506206 -0.541056087954008 2.7796155093407164 1.9782436085627362 -7.214178039087767 5.143535432984169 0.8808447600169569 5.093528350699985 -6.29698716847979 -5.130327925014988 0.13611153486461974 -0.9589150259440798 -1.9996610418295444
-1.3077815007215892 -3.16282032074262 -4.431894018942391 -2.714509518896017 -2.5048226794979183 -3.576453992903293 1.511710402496036 -2.474749381838787 -4.955892117059739 5.636975906820744 0.10636950594538808 1.3371698194626607 -2.201394560301145 -0.5998959663063513 -0.19146681914310298 0.7845486248076494 -3.9232413121542162 0.20847549343643484 0.7312789963956603 3.183423942861106 -1.4707405272778173 -0.723999354727207 1.2826355583177238
0.6384051524211523 5.256799771014257 3.6848370160190047 -1.6018975163027964 2.077764927912088 -5.3637565667471145 0.9511227231811727 -2.5832878828661636 1.9766102749799708 3.5008854514670564 -4.6940024020321465 -1.0218485621492954 -0.57225607193363 -0.6347140317577764 -1.2617420298183673 1.4962446284130164 -0.6531965269137051 0.25200902145335036 -2.6199860108231707 -1.940508221430689 1.3809565693281767 -1.924946127284441 -1.6931596660729769
12.55894617212464 10.575996456758633 6.759938875264809 9.60122781128031 11.612744973572182 2.6063094260649904 -9.25906223247324 -3.0155159103468723 -2.1247387708555845 1.7313740810505998 11.916998879046648 8.327168533985986 0.9171249250273006 0.6386256527124026 -2.7241509743899277 6.584042746252898 -8.426695722166347 -8.612153879141603 3.9944923520783 -4.919537632144659 9.110534518532942 4.948016364878672 5.502505197089092
1.9612490931379627 -0.7686085281990426 -0.1922560376726976 -3.2612568925651635 -6.475299294337269 -4.129972872430605 -0.5343578222725378 0.49956189746069013 -1.3954118217801708 -0.9794608856758151 -5.151321500640433 0.0843673356614868 -2.599302211565674 -1.915321039239732 -0.9251725901652206 0.9807017952846725 1.6520557409531658 0.7164858442133294 4.098873406098513 -0.7534853598883583 2.8511165284603974 -2.940682442330634 0.6334850111928076
4.58901850968673 6.952544714449137 -4.654308502785726 1.6002810822575828 -4.533010596054033 1.5414458585354143 4.178567715667791 -6.417571614848366 0.6141732299320337 6.79585468894102 -0.6046673924359456 1.910600072496659 -0.21941951436776216 -0.945683012875209 0.18263576015374539 -1.1846188000405533 3.0532285968525397 -6.1129600653886405 -0.589184651938413 -1.4953650970837393 0.423771309564425 -3.198029289059854 0.5304775289723165
-7.959678590175737 -0.7947014439817254 3.0276586751090946 1.2513677366210918 6.838979268836331 -2.9408096777718753 0.9095297406829904 -0.8492657861917208 0.305134793028527 -0.7662867555353201 -1.7649946219383046 -1.005550572220929 1.194944610008452 -0.7233092827902692 -0.7486651160424784 -0.368439748009576 0.6502545917487368 -0.5082175494087918 0.05091873731330229 0.2905043151274839 -1.5154660416594539 -2.0790743163313627 1.7856157304368443
-0.726699754657259 5.170740343668706 -8.796955246042256 2.064711237028048 -5.083290640377632 -1.3457893469817073 1.5895305345215573 -1.3238018400040823 1.1009580786706215 1.0412937682449364 3.7372844653111112 0.025853884667471027 -0.08793241806970897 -2.846432782822571 -1.206421706783936 -0.7436685720033773 1.7559366828494836 -0.06052946244172008 3.5020737743707944 -0.4227112039070431 -1.4242640876255923 -3.4403983269828675 -2.418216568986891
-5.608613990249384 -2.451332772945801 -1.841038199940362 1.4626802707167381 4.817041752712603 -1.9242120657092026 1.0826166387616605 -0.8797705255757761 -2.703124846359014 4.273770122404836 -3.1123215344076267 1.2357695080607083 -1.5902216954832031 -2.2084151856583127 -0.16368839551610198 -0.735130090941208 -1.123254992985495 1.1177369655072837 -1.1118294718603343 -0.308846723632327 1.1721402894926354 -1.8466140994925826 0.6513334591177748
-0.2854516859554433 16.771842530072085 -5.2209504086063765 -3.5828188390055544 -0.7251085954830336 -2.197005361329845 11.996349167139998 12.958291595815611 -0.5789042643703053 -1.3906020609109193 1.2542167795777894 11.08179976924691 -7.561637297137233 3.819852817385358 -11.644275414567229 2.782496990634121 8.009562086543363 8.538303526610864 -7.394030174272978 -3.885177530573638 -3.9182638341318 0.6214392341899115 4.098378507710308
4.182928586160167 -8.276472162120639 -3.793489292470802 2.9547111713924705 0.5811453767052128 4.039685366668276 -1.4159920146580127 -1.0531312057031086 -1.0351893374708236 -1.0895549789159154 1.7179800730465338 -1.2865924434527243 -2.169331272637884 4.562787510381181 1.536564760366166 -2.8278589730917973 5.078983751678072 1.147396395659893 -0.14498238328492088 -0.5776863010659907 1.135281393082883 -0.08003038163701037 2.1246514199003776
-5.12201355871828 3.082770100860121 -1.0159402483953859 1.506173041726273 -0.8176140902215228 -2.9374277555284043 0.6329149297171607 -3.849424783004206 2.5180751149885476 1.9081202652886136 1.7878486281347956 -0.4680817767576122 -2.608706111694451 1.5511157394842476 -1.634093389896723 -1.1637329667834904 1.12994244131322 0.2914551657579375 0.9634203810414717 0.6288129562318394 0.2628759920686816 -0.24292745745208089 -1.2819394396766048
-3.021903004912674 -3.2494006622989677 3.4016641457615235 0.49989672540247654 -0.19319810265450232 2.6176138886631235 -1.0224107283213515 0.6524838273197069 4.287002738999067 2.046175859924602 1.560890745725906 -0.02638127617891044 0.2070660808786231 -1.3757021894855916 3.114493859068411 -1.2153160064463269 -1.8006330129138144 2.0337578165838552 -0.4130429116319976 -1.6161441251751567 1.6532909484374592 3.288674041136683 0.8486917536662854
-0.8699207662987539 1.568917801328595 -6.443466413145405 -0.47646705190108185 2.9936138845317615 10.97380221367383 -4.106397352097396 4.27893408155651 -2.8387496637377585 2.359245382881114 -9.297682866557185 4.430010721024109 2.4968104607259747 4.602636042340364 -7.51852237028808 -1.850656076526454 3.0643230779761677 -3.365260661452117 -1.6783718328289952 -1.416541714136709 2.4660506577674695 -1.5128489025136564 -5.112405566091175
-6.617135698134584 0.923325282797783 -0.05719765576279584 0.08148692501507615 -0.8322519008262959 -3.657050808486692 2.197858117749165 -1.3865510102217522 -0.7809356153627307 1.753374564494547 2.759261275011104 0.13510344015453557 0.37667009225468623 -0.1738067365111819 -0.1717805098872166 -0.038310995471617426 -0.8758022037572111 1.2157538649819537 1.9787012005712432 -1.225228655615606 2.5456351013710683 1.1371372813010718 -2.4093526584516147
2.1666896647724627 0.9624864666637757 0.9966595024136446 5.798516096815253 1.5041618217075978 -0.016728701016454905 -0.9574431602583382 0.8327513181089004 4.980281105431787 2.8501866845544432 -0.8041902493389037 4.2919158008442055 1.5257968432140265 -2.3816972897883617 3.9798541848528193 -1.4953839782613847 0.06461004141570365 -1.415310487683747 -1.8446721782859063 -2.1519160004671174 -4.899354603108913 -3.075403044824687 1.0121166311415855
1.575024787302444 3.555601615053719 -6.324168461882638 4.204011742139751 2.2691647152050782 2.9248735078938304 6.210427255342364 -5.528953839410197 2.58167562890375 0.7160848112910532 2.4520740617635823 -0.7803759324126974 -1.950917251135019 -1.8332178726334991 4.659746563573934 4.2292486722612495 0.7197553726539263 -4.754248716577362 2.8563544702004315 1.5076290790832862 1.1301996314401213 0.8090645259319733 -2.856484628391964
-2.1247805867044605 3.291108034625091 5.142607541138734 -8.814279689304124 -5.996975962064094 -1.4813128616464715 -2.599496992169846 0.6136746369629943 -2.309507272971258 -2.051634157889104 3.760892056323435 0.8519873805330745 4.296244112390071 -0.8232493489771777 2.668022416318947 -1.6022982605053728 0.8468772045540349 -3.584395710765588 -0.0322681783027129 -2.35353062212472 1.1233959310434811 0.1356527241829386 0.01615200958632701
14.907792923709138 0.49875691839771896 -4.015277319483086 4.112502934382802 13.980975777038477 -6.442605279553578 -5.078567364843532 -3.879520375413588 0.6069525640766924 -4.920431149476581 5.471650568823846 1.4863382814395003 -0.03675176208974559 4.42140105472756 -1.255761167784113 -0.5478759929373416 -2.084035741530588 -2.2237847299000255 1.3650531428275383 -0.5182093215265287 3.1191332372982177 9.955440393066358 -2.14713379622903
-2.21062680784915 7.580020354588911 -8.622412623560757 -1.602291500641849 2.2644602127481295 0.28115476077220447 3.4951252151740886 15.608583615040263 2.0643726472977817 -0.9808230101050497 -1.7619561616692185 5.3070179061289275 -7.398071809726383 1.7326573285645153 -3.990962161978253 5.54099285491194 2.832414731154905 3.889050898895569 -3.8296644447081256 -5.44150856539887 -3.240972026729565 -0.3787464135866307 9.76949623185796
20.851985541165394 0.6609718262015453 1.048576255798443 -1.605717327564776 4.184753327900528 -5.418190564111751 -5.785697278073267 -3.7785299845867866 4.05272721081724 -1.3354080696632402 -3.7525837445771084 0.6285990463230196 -3.418687623878466 -1.577034220267435 0.8125065654701953 0.9987630715576226 0.34351855442645013 0.40602549882044064 -1.093750052856742 -0.16245396251325156 -1.9257135768669977 -0.22824421435324424 0.06501061467082797
5.753407401281574 -1.0070893540470938 8.104169133001704 -1.88257090977588 0.530262180569018 1.5533062974471044 1.5279746046215763 5.286884546534788 4.622533604893031 8.271610421537064 -2.4569824356288246 1.5435816484609697 -3.1428773029898585 -3.6416448238298202 2.3906731525090925 -2.238405296248248 3.0569320377404945 -4.984491824879308 2.66010079035305 0.1804332735852735 -0.9890561981211339 1.5534817603730535 2.9553607640486774
-5.158013148544051 -5.045936324613655 -1.2949287293668172 -3.049166749561747 1.2802749712207566 7.810263281813711 -4.026073871510688 0.8399991370685478 -0.9248084721889387 -3.8600734295060963 -5.508326464786938 3.9154133032347147 2.690682272035093 0.7726607885766577 -3.6043199245894892 -1.6925314418096953 -0.36825646488222397 1.0539243667426228 2.0990477810606865 3.591759875109746 1.9988343272350608 0.8602833116038436 -2.9213523002317494
-8.001305366905068 -1.5152011807026435 1.8552848453980701 1.2172256442893339 4.156692431182763 -4.066373229816468 -1.5249007688792682 1.7633926354618263 -1.6595936224782242 -0.6225458757060557 -0.43630844995181983 -3.5392965508135794 0.36240066753232103 3.9885693266284217 1.7903669559530613 0.882158401923368 1.1383461657890008 -0.9594423870390775 0.3150427071764976 0.8051590558879346 -0.052572991300064514 -1.1276352101616405 2.508550964025056
-6.728807059734163 4.880598808943989 -4.6606978394305685 1.10541426305089 1.6622786190890888 1.1381348530365014 0.824809521696456 4.665347995049552 -0.15578779842262225 -2.8405899432851918 4.4505483835609265 0.6743871241194704 -1.0299325892997964 -0.242489744211895 1.043083701932457 3.5187607454873655 0.671608548558333 2.2657740971862435 -0.6464919814734881 -3.0407835337114055 -3.5434305961167256 -1.9412860266041179 -0.5631531293051247
-3.3596923886178685 0.5467996631129917 5.4256521575165575 -4.7518413823194185 0.23010644143348982 -6.765781137672369 2.204291848652272 0.2708800607758414 1.4064699362366342 1.5804023145978543 -1.181200941972548 1.1095418097592111 0.24575104248027013 0.12881582946751002 1.9959117556842059 -1.414733587534265 -1.2549672217217327 -2.26261591739074 1.125998731503693 -1.4356616109800036 1.482253294085388 -0.34100973442137267 -0.09985635962638406
-1.688774928730059 7.199524260432334 0.9507130134357751 3.694011053042142 5.559219981723203 5.13867266307715 0.11189782248508934 2.065743598976587 0.8634130147552487 -1.4965005598230603 0.22316201819222853 -3.1484767522782415 -5.43411600251894 0.8583754552624792 1.2457269010080596 -3.0204662151346504 -5.70611621158825 1.1145889876299857 0.5859962398239249 3.4620993787266663 -0.5242505071101551 -0.23419927384826889 -6.1677117739637115
-8.188595387836669 -1.3515498878710785 -0.7270163448586446 -1.1562395441158713 1.844393009078185 0.994982669716503 -2.7044884178895923 0.47454017685345107 -2.4801730261753736 -1.3770193313649286 -1.1562136314520786 -1.5597743386240186 3.5926449602934305 -2.107902515667648 -0.3090171431990606 1.7488067323928616 -0.08271384754058542 2.139787697700679 -1.0538357976367954 -0.6343973886826583 2.162212820100149 -0.2461873673225577 0.1360664234594927
-0.9663981349672867 -0.6271008739300103 -10.698761209335427 -2.5328247307632177 2.545235944182956 10.106496232683545 -6.7115283182444125 7.315317445156682 -0.20556679836949984 -3.27420172729097 -6.4641965791269715 3.175128876651979 2.8777043426875046 -1.4427700874345462 -0.37459910833753685 -1.626220698491009 -1.8033375823050606 -3.8635360803453005 -2.9354221351131793 2.5336264477522126 0.491977769481982 -0.5453993362846568 -1.407110335567411
-3.766054902411993 7.589608799506523 -5.554636378664985 -0.05453555973645746 -3.2866093665211245 -4.438234650065733 5.052904229380113 -1.7582962102267692 0.003595664747112093 0.2819702817311234 3.628995395021012 4.748432580233489 0.5167562706690458 -1.401545606523075 -5.24931461818905 -8.286874325287418 -1.4625868640124373 2.2242442500018296 -1.8425412064308604 4.890290858580025 1.397816425630289 1.7498626306238387 0.060980517347144936
0.8334936446584083 -0.6838378888957374 1.1529770657183753 5.044270243075934 -8.227750931523826 -4.1894640401757846 -1.3591656941779806 2.439515930001228 2.5411892829217657 -0.19887902148330475 -3.333232174945773 -1.992757454612352 -1.9078087630416116 3.5368542284596036 0.3570754579459704 -0.9754955868225641 -0.2595267419991738 -0.08663118360271241 -0.3215324645566895 1.6688967256584415 -0.1466155145300152 3.0705845513495067 -0.6590737594557277
4.237717697871886 -2.215264225062961 9.450690083372367 4.803723387519807 -3.3374889418488864 10.285254433551792 1.2198492899740683 0.7951644024593852 5.484579710069824 -1.3779341309266426 -0.8201991748447379 -1.0996654060296691 -6.494811950521852 -2.226008901489128 0.5850146216208294 -3.207290324687993 0.022222648187498972 -0.6601643345857191 -0.4969196975732195 -2.378901301704219 1.443981010322279 2.6336052566635386 -1.4260173722987122
-3.6854750235135043 8.05005664246754 -6.265342468719625 -0.3322983454922991 -0.7250231320869736 -2.6921980057881862 2.5621123391890896 -0.9394442615799304 5.029553504115887 0.45347355958140767 5.163866862602534 3.206890713380601 -2.2553077060077165 -1.5174237827178183 -3.4455462481348 -4.251222380380531 -0.3115226019682038 0.29348310898478736 -0.3204330853498178 2.0009106861728205 -0.6048603756475267 0.5162935769002917 -4.5789205090060765
-0.7391959854096721 2.293434508191871 -1.2138803314699802 -2.231537956329702 -0.6741525592783116 0.8035620100161216 1.824127362486931 -8.715054737414661 -2.4734166482670226 -1.0407481949063773 0.40923635833011995 1.5180995270284958 0.09681730398840116 0.04088749814651296 0.6851628117619603 1.2166314157213083 1.206694634857886 0.38580528416896653 -3.9110340844184694 3.420513184881173 -1.6535818296062954 -1.0033551005465757 -0.8305082611562151
3.4626162188549388 6.631459870433139 -5.136297091647194 -1.5014720317831591 -6.587971800047858 3.0520094448614157 3.5269384906214136 -6.1419719716775845 -0.4962686548956002 2.0933036324452408 4.381802357230571 2.7008228877006353 3.611755311796955 -3.2174875377004057 1.759534690718835 2.8586933470539577 0.03840139722212266 -3.4728931579327047 -0.36139178600807237 -3.2728618941433507 0.07841023354972387 -0.5997378814727246 -3.384131334834025
-7.131836091045266 2.0918694367384982 -4.836896564404546 -0.30503215776513815 2.3983607362885726 4.799621188232758 -6.888226045110615 3.8856124461828156 2.083180349748898 -3.605511272354251 -0.6273599587531881 -1.981273473508896 2.2744066536611243 -0.8448443270520416 -0.5907179672425508 -0.13297738518235036 -0.9936529233209715 0.06935618656252551 -4.489687936203953 0.47444583920987005 -1.0711348790963904 0.830672799319818 1.8313352103528853
1.626452306299436 6.125373306519716 4.127965454027246 -4.425609819234198 -3.6053428023214122 -6.864329105869091 -1.610669844837632 4.864924666517647 -3.644098787943034 7.132208204261664 0.6768897255834571 -2.180049581833863 2.548702845675263 1.211091467417649 -1.677122885481797 0.8717142966762059 3.7885096354175776 -1.4292187834162715 0.3920569667589839 -0.22558488870229781 0.5069806384765666 1.8823036858707807 -0.6025502087148815
5.326311797800869 4.145359410475476 2.2240229791706256 11.34841473163754 -3.453547949742478 -1.5258270901067048 -5.912941300642749 -0.05230904563915152 5.038697679863822 6.33808343322607 -2.598100960468562 4.9028074856944865 2.4823905949016907 2.3443058277613518 2.6780667791221866 2.0775459525059565 -1.5580326992467466 3.135812643157998 -5.534276822051669 1.3819201134761272 -3.5729242464121374 -2.405276184400995 0.298870534450229
-8.092213864818278 -2.950618934385493 4.416948967697694 1.7111870226501114 5.8532897709405365 0.21443822130188617 0.24085378898197168 -0.4170439112353267 -0.741483386399283 -3.5180639988329636 -1.0337757727261945 0.14562330665781473 2.78017360296742 -1.9118869429380405 0.5919237936384829 -0.056885749135383024 0.9102503968293085 -0.4983648647683391 -1.9012868788343582 -0.2748301943772864 -1.8885093337911074 -0.545266109266036 0.1428721211007594
-0.09222391449349128 -0.5931356037143832 3.6128431503929277 -8.852358509544866 -1.1022566933113325 -3.0966479289827413 1.0672899207668214 -0.05507880224474426 3.4704119495979473 -0.8574714791688871 -2.3794574612043817 2.085968374419823 1.453134705840988 -1.5204599498564073 -0.8083661478886283 0.16936747462840074 -2.366096203520941 0.18172357995464383 2.5092903979742327 -1.4588195865778852 0.09774120136128417 0.22318116122862525 1.2721593296476899
-2.339824453169742 -1.7851949223628405 2.439269329636438 8.133940209946141 -7.079994290571541 -3.454003214339722 1.5701152635298605 0.6591410782945549 -0.2916030116557517 -0.6535351630112919 -3.442578282330401 0.29162036011859044 -0.321500917123942 5.0803191900720295 -0.12999057553826357 1.2103412530220412 0.4945730863912724 1.4827267475981025 1.1804018164518082 0.007323550532931655 0.5752196271268211 3.123313246274088 -2.6004068467986188
-5.82249489251406 -2.861768820342014 -1.614148303659528 1.5446076099659383 2.5988633844834026 2.040270831668223 0.3572184789875001 -2.4801189818000564 -0.5506247024670703 2.625534235288263 -3.448167748173306 -0.4131224829558908 -0.886182786733902 0.3894573921933686 -0.9302562217190276 1.2475462962062163 0.8848297982938617 0.2986768425135103 0.7723443335374317 0.6388274928278119 2.900990901800524 0.3661003274136618 -0.07078993339497353
-2.0714220682322213 -0.10439578927403526 2.3035138325855433 -9.465242543171012 -4.516808407219063 -1.748023686956969 -4.213518528128585 5.47128945431123 -1.605250310377173 -2.5544217411898575 2.814676139043873 1.0993217434662907 3.607905907788498 0.3091482476072287 1.9186895209381232 -2.6453242089983147 -2.476233595712697 -3.022450294338874 0.03230310930092872 -0.2515375229402047 0.44808170618432375 1.8119975033989362 0.4603654149403385
-6.4886299743518725 0.31296185202227533 3.7901974104599363 0.9218562139648441 -0.3327358710966605 -3.6863757511332533 -2.0474435202274894 1.1168323830211557 -1.2891427767694221 -1.3046565081885528 2.3741771347323333 -0.7612751741890516 0.4224796181164824 5.632598233320452 4.227840564514064 -1.078191745639562 2.180788910609465 0.07915302290005663 -0.8313045779568157 1.9435782159984483 0.1462073176693532 -0.2661569339794978 0.4050390353314849
3.141167015594288 0.09739327178945378 -5.312767578378577 3.244792762513919 -5.462093946468081 2.5184372523291394 -0.0998295478358428 -4.579116117667127 -2.1173073089519865 -2.7031763767033214 3.9939606100921097 -0.4101316409439425 4.3731329782426585 -3.0499743808210846 1.0284706393773497 2.129695507627636 2.598601352963936 0.8025824107177236 -0.8325617644452279 0.7999847496333284 -4.922173972071265 -2.87369477671675 0.21314954775264516
-6.403369751900711 2.0542251043633004 1.0183029181036982 0.6410972943711608 1.9025678805936 -5.0968399625855705 1.5574921151467684 -0.8051769475563961 1.023872902515256 1.9687883207214374 1.3316318224722976 -0.3825757621631664 -1.42066686718094 3.0100890683011055 -0.12213988740326975 -1.2201624655685361 0.7909714194061319 -0.2262713996128811 0.9251242084276101 0.9551998922725902 1.2701323363098278 0.04692940474411307 -0.5869914475036402
-3.1119324742311965 2.8297703521246307 0.5910217948210033 1.3382173829858894 3.0180469747443004 -0.7864188238058161 -6.660052616941567 1.0073590974277888 -4.977358959929185 -3.601466607233485 3.708105642787925 0.6344234121693562 6.682015621921467 4.641339479900723 -3.012710514040239 4.1412022488726 -2.267591498493834 -4.051684924849141 -1.0814696733254938 -4.459343204622512 1.2188412297652647 -0.8087172990400706 5.713277336310266
1.69148204255244 -2.3521289371827074 2.955931246163163 5.2644079735608 -4.384349536462574 -4.747910073782289 1.5495087442899673 -0.5449303566301485 1.729262800666469 -0.9345596111311545 -3.7132809707433347 -1.28410347791036 -4.7454122865760775 0.10894455548037635 -2.2044052036760338 0.2644026154688353 0.07280284788409297 -0.4027281632773102 -2.063604569846514 2.2254870335966093 -0.46626336933115686 2.174756624816263 -2.1258146635656865
0.397989599447545 9.924631261729282 -4.769121644650435 1.348766632949122 -5.49321024184728 2.298902389943262 3.4839739607636293 -6.735424183274581 1.1695692033524538 -2.9693887435522295 1.2838101193814653 2.6987003544928094 2.493849671917904 0.16663081415370246 -3.5160250674108275 -5.600098477587933 1.1386248870232785 -2.9724227757043282 -0.1683637352553884 2.6737029497939755 -1.1223906475360519 0.12866210126308508 2.943579794340447
